0x0:
0 3 22 19 40 5 42 53 
21 18 1 4 43 54 39 6 
2 23 20 59 26 41 52 57 
17 28 25 44 55 58 7 38 
24 13 46 27 60 37 56 51 
29 16 31 34 45 50 61 8 
12 33 14 47 10 63 36 49 
15 30 11 32 35 48 9 62 

0x1:
3 0 5 20 43 38 15 18 
6 21 2 39 16 19 44 37 
1 4 23 42 45 50 17 14 
22 7 62 49 40 47 36 51 
61 24 41 46 57 52 13 32 
8 27 58 63 48 33 54 35 
25 60 29 10 53 56 31 12 
28 9 26 59 30 11 34 55 

0x2:
22 19 0 15 28 33 10 13 
1 16 21 34 11 14 29 32 
20 23 18 27 48 31 12 9 
17 2 47 52 35 50 55 30 
24 45 26 49 56 53 8 37 
3 42 61 46 51 36 57 54 
44 25 40 5 62 59 38 7 
41 4 43 60 39 6 63 58 

0x3:
37 18 15 0 31 34 13 54 
16 1 38 35 14 55 30 33 
19 36 17 56 41 32 53 12 
2 39 42 45 52 57 62 29 
43 20 51 40 63 46 11 58 
6 3 44 47 50 61 28 25 
21 48 5 8 23 26 59 10 
4 7 22 49 60 9 24 27 

0x4:
54 13 34 31 0 15 18 37 
33 30 55 14 35 38 1 16 
12 53 32 41 58 17 36 19 
29 56 59 52 45 42 39 2 
60 11 46 57 40 51 20 43 
25 28 61 50 47 44 3 6 
10 63 26 23 8 5 48 21 
27 24 9 62 49 22 7 4 

0x5:
13 10 33 28 15 0 19 22 
32 29 14 11 34 21 16 1 
9 12 31 48 27 18 23 20 
30 55 50 35 52 47 2 17 
37 8 53 56 49 26 45 24 
54 57 36 51 46 61 42 3 
7 38 59 62 5 40 25 44 
58 63 6 39 60 43 4 41 

0x6:
18 15 38 43 20 5 0 3 
37 44 19 16 39 2 21 6 
14 17 50 45 42 23 4 1 
51 36 47 40 49 62 7 22 
32 13 52 57 46 41 24 61 
35 54 33 48 63 58 27 8 
12 31 56 53 10 29 60 25 
55 34 11 30 59 26 9 28 

0x7:
59 20 17 2 33 36 15 0 
18 3 60 57 16 1 32 35 
21 58 19 40 63 34 37 14 
4 61 56 53 50 39 42 31 
55 22 49 62 41 52 13 38 
8 5 54 51 46 43 30 27 
23 48 7 10 25 28 45 12 
6 9 24 47 44 11 26 29 

1x0:
3 6 1 22 61 8 25 28 
0 21 4 7 24 27 60 9 
5 2 23 62 41 58 29 26 
20 39 42 49 46 63 10 59 
43 16 45 40 57 48 53 30 
38 19 50 47 52 33 56 11 
15 44 17 36 13 54 31 34 
18 37 14 51 32 35 12 55 

1x1:
18 15 32 1 20 5 38 3 
31 0 19 16 37 2 21 6 
14 17 36 33 22 49 4 39 
35 30 23 50 53 40 7 44 
24 13 34 59 48 43 52 41 
29 58 27 54 51 60 45 8 
12 25 56 61 10 47 42 63 
57 28 11 26 55 62 9 46 

1x2:
1 22 3 18 43 38 13 16 
4 19 0 39 14 17 44 37 
23 2 21 42 45 50 15 12 
20 5 62 49 40 47 36 51 
61 24 41 46 57 52 11 32 
6 27 58 63 48 33 54 35 
25 60 29 8 53 56 31 10 
28 7 26 59 30 9 34 55 

1x3:
4 1 6 21 28 33 16 19 
7 22 3 0 17 20 29 32 
2 5 24 27 34 31 18 15 
23 8 55 48 25 46 35 30 
56 61 26 45 54 49 14 39 
9 44 57 60 47 38 51 36 
62 59 42 11 50 53 40 13 
43 10 63 58 41 12 37 52 

1x4:
19 16 33 28 21 6 1 4 
32 29 20 17 0 3 22 7 
15 18 31 34 27 24 5 2 
30 35 46 25 48 55 8 23 
39 14 49 54 45 26 63 56 
36 51 38 47 60 57 44 9 
13 40 53 50 11 42 59 62 
52 37 12 41 58 61 10 43 

1x5:
16 13 38 43 18 3 22 1 
37 44 17 14 39 0 19 4 
12 15 50 45 42 21 2 23 
51 36 47 40 49 62 5 20 
32 11 52 57 46 41 24 61 
35 54 33 48 63 58 27 6 
10 31 56 53 8 29 60 25 
55 34 9 30 59 26 7 28 

1x6:
3 38 5 20 1 32 15 18 
6 21 2 37 16 19 0 31 
39 4 49 22 33 36 17 14 
44 7 40 53 50 23 30 35 
41 52 43 48 59 34 13 24 
8 45 60 51 54 27 58 29 
63 42 47 10 61 56 25 12 
46 9 62 55 26 11 28 57 

1x7:
44 23 20 5 46 1 18 3 
21 6 45 38 19 4 51 0 
24 43 22 47 50 61 2 17 
7 48 39 60 37 52 31 62 
40 25 42 49 58 63 16 33 
11 8 59 36 53 32 57 30 
26 41 10 13 28 55 34 15 
9 12 27 54 35 14 29 56 

2x0:
22 1 20 17 24 3 44 41 
19 16 23 2 45 42 25 4 
0 21 18 47 26 61 40 43 
15 34 27 52 49 46 5 60 
28 11 48 35 56 51 62 39 
33 14 31 50 53 36 59 6 
10 29 12 55 8 57 38 63 
13 32 9 30 37 54 7 58 

2x1:
1 4 23 20 61 6 25 28 
22 19 2 5 24 27 60 7 
3 0 21 62 41 58 29 26 
18 39 42 49 46 63 8 59 
43 14 45 40 57 48 53 30 
38 17 50 47 52 33 56 9 
13 44 15 36 11 54 31 34 
16 37 12 51 32 35 10 55 

2x2:
22 19 2 31 24 9 4 7 
1 32 23 20 3 6 25 10 
18 21 0 43 30 27 8 5 
33 44 41 28 57 46 11 26 
40 17 62 45 42 29 58 55 
37 34 39 52 61 56 47 12 
16 51 36 63 14 49 54 59 
35 38 15 50 53 60 13 48 

2x3:
19 16 33 2 21 6 35 4 
32 1 20 17 34 3 22 7 
15 18 59 0 23 46 5 36 
54 31 24 47 60 37 8 41 
25 14 53 58 45 40 49 38 
30 55 28 63 48 61 42 9 
13 26 57 52 11 44 39 50 
56 29 12 27 62 51 10 43 

2x4:
34 19 16 1 32 39 14 51 
17 2 33 38 15 50 31 40 
20 35 18 55 0 41 52 13 
3 56 37 42 53 58 49 30 
36 21 54 57 48 43 12 61 
7 4 47 44 59 62 29 26 
22 45 6 9 24 27 60 11 
5 8 23 46 63 10 25 28 

2x5:
35 16 37 40 33 18 1 22 
38 51 34 17 44 21 32 19 
15 36 39 60 41 0 23 2 
50 63 52 45 28 43 20 31 
53 14 61 42 59 30 3 24 
62 49 56 29 46 27 6 9 
13 54 47 58 11 8 25 4 
48 57 12 55 26 5 10 7 

2x6:
54 21 18 3 34 37 16 1 
19 4 53 38 17 2 33 36 
22 55 20 43 50 35 0 15 
5 52 63 56 39 44 41 32 
62 23 58 51 42 49 14 45 
9 6 61 48 57 40 31 28 
24 59 8 11 26 29 46 13 
7 10 25 60 47 12 27 30 

2x7:
41 44 3 24 17 20 1 22 
4 25 42 45 2 23 16 19 
43 40 61 26 47 18 21 0 
60 5 46 49 52 27 34 15 
39 62 51 56 35 48 11 28 
6 59 36 53 50 31 14 33 
63 38 57 8 55 12 29 10 
58 7 54 37 30 9 32 13 

3x0:
37 16 19 2 43 6 21 4 
18 1 36 39 20 3 48 7 
15 38 17 42 51 44 5 22 
0 35 56 45 40 47 8 49 
31 14 41 52 63 50 23 60 
34 55 32 57 46 61 26 9 
13 30 53 62 11 28 59 24 
54 33 12 29 58 25 10 27 

3x1:
4 7 2 23 56 9 62 43 
1 22 5 8 61 44 59 10 
6 3 24 55 26 57 42 63 
21 0 27 48 45 60 11 58 
28 17 34 25 54 47 50 41 
33 20 31 46 49 38 53 12 
16 29 18 35 14 51 40 37 
19 32 15 30 39 36 13 52 

3x2:
23 2 21 18 25 4 53 62 
20 17 24 3 52 61 26 5 
1 22 19 58 27 50 63 54 
16 29 0 51 60 57 6 39 
33 12 59 28 49 40 55 44 
30 15 32 41 56 45 38 7 
11 34 13 48 9 36 43 46 
14 31 10 35 42 47 8 37 

3x3:
2 5 40 37 10 7 42 51 
39 28 3 6 41 52 11 8 
4 1 38 57 36 9 50 43 
29 56 27 0 53 48 63 12 
26 21 58 55 62 35 44 49 
59 30 25 22 47 54 13 16 
20 23 32 61 18 15 34 45 
31 60 19 24 33 46 17 14 

3x4:
5 2 7 22 27 32 17 20 
8 25 4 1 18 21 28 31 
3 6 23 26 33 30 19 16 
24 9 54 59 0 45 34 29 
55 58 47 44 53 60 15 38 
10 43 56 61 46 37 52 35 
57 48 41 12 63 50 39 14 
42 11 62 49 40 13 36 51 

3x5:
56 13 30 25 54 15 32 19 
29 26 55 14 31 18 1 16 
12 57 28 53 24 63 20 33 
27 52 59 62 47 0 17 2 
58 11 48 45 60 23 34 21 
51 44 61 40 37 46 3 6 
10 39 42 49 8 5 22 35 
43 50 9 38 41 36 7 4 

3x6:
35 32 37 6 25 2 27 4 
38 7 34 31 40 5 24 1 
33 36 39 58 47 26 3 28 
8 59 62 41 30 53 0 23 
61 42 57 46 63 48 29 52 
12 9 60 49 54 17 22 19 
43 56 11 14 45 20 51 16 
10 13 44 55 50 15 18 21 

3x7:
4 21 6 43 2 19 16 37 
7 48 3 20 39 36 1 18 
22 5 44 57 42 17 38 15 
49 8 47 40 45 56 35 0 
52 23 50 63 58 41 14 31 
9 26 53 46 55 32 61 34 
24 51 28 11 62 59 30 13 
27 10 25 54 29 12 33 60 

4x0:
54 33 12 29 60 25 10 27 
13 30 53 56 11 28 63 24 
34 55 32 59 46 61 26 9 
31 14 41 52 57 50 23 62 
0 35 58 45 40 47 8 49 
15 38 17 42 51 44 5 22 
18 1 36 39 20 3 48 7 
37 16 19 2 43 6 21 4 

4x1:
19 32 15 30 39 36 13 52 
16 29 18 35 14 51 40 37 
33 20 31 46 49 38 53 12 
28 17 34 25 54 47 50 41 
21 0 27 48 45 60 11 58 
6 3 24 55 26 57 42 61 
1 22 5 8 63 44 59 10 
4 7 2 23 56 9 62 43 

4x2:
34 17 20 3 36 7 22 5 
19 2 35 56 21 4 45 8 
16 33 18 37 54 47 6 23 
1 38 55 42 57 44 9 46 
32 15 0 53 48 59 24 63 
39 50 41 58 43 62 27 10 
14 31 52 49 12 29 60 25 
51 40 13 30 61 26 11 28 

4x3:
5 8 3 24 55 10 57 42 
2 25 6 9 58 43 48 11 
7 4 23 54 47 56 41 62 
22 1 26 59 44 61 12 49 
27 18 33 0 53 46 63 40 
32 21 30 45 60 37 50 13 
17 28 19 34 15 52 39 36 
20 31 16 29 38 35 14 51 

4x4:
Time out

4x5:
37 8 47 42 35 10 31 14 
46 43 36 9 48 13 34 11 
7 38 45 56 41 32 15 30 
44 55 40 49 28 59 12 33 
39 6 57 60 51 0 29 16 
54 63 50 27 58 19 22 1 
5 26 61 52 3 24 17 20 
62 53 4 25 18 21 2 23 

4x6:
52 13 36 39 30 15 32 19 
37 40 51 14 35 18 29 16 
12 53 38 49 46 31 20 33 
41 50 47 58 25 34 17 28 
54 11 60 45 48 27 0 21 
61 42 57 26 59 24 3 6 
10 55 44 63 8 5 22 1 
43 62 9 56 23 2 7 4 

4x7:
43 34 31 8 45 12 29 10 
32 7 44 41 30 9 50 13 
35 42 33 46 51 62 11 28 
6 47 52 55 40 49 14 63 
53 36 23 48 61 56 27 0 
22 5 54 39 26 17 58 15 
37 24 3 20 57 60 1 18 
4 21 38 25 2 19 16 59 

5x0:
13 32 9 30 37 54 7 58 
10 29 12 55 8 57 38 63 
33 14 31 50 53 36 59 6 
28 11 48 35 56 51 62 39 
15 34 27 52 49 46 5 60 
0 21 18 47 26 61 40 43 
19 16 23 2 45 42 25 4 
22 1 20 17 24 3 44 41 

5x1:
16 37 12 51 32 35 10 55 
13 44 15 36 11 54 31 34 
38 17 50 47 52 33 56 9 
43 14 45 40 57 48 53 30 
18 39 42 49 46 63 8 59 
3 0 21 62 41 58 29 26 
22 19 2 5 24 27 60 7 
1 4 23 20 61 6 25 28 

5x2:
35 38 15 50 53 62 13 48 
16 51 36 63 14 49 54 57 
37 34 39 52 61 56 47 12 
40 17 60 45 42 29 58 55 
33 44 41 28 59 46 11 26 
18 21 0 43 30 27 8 5 
1 32 23 20 3 6 25 10 
22 19 2 31 24 9 4 7 

5x3:
56 29 12 27 58 51 10 43 
13 26 57 52 11 44 39 50 
30 55 28 59 48 61 42 9 
25 14 53 62 45 40 49 38 
54 31 24 47 60 37 8 41 
15 18 63 0 23 46 5 36 
32 1 20 17 34 3 22 7 
19 16 33 2 21 6 35 4 

5x4:
45 20 17 8 47 40 15 10 
18 7 46 41 16 9 48 39 
21 44 19 58 49 54 11 14 
6 59 42 55 34 13 38 53 
43 22 61 50 57 52 33 12 
60 5 56 25 0 35 30 37 
23 26 3 62 51 28 1 32 
4 63 24 27 2 31 36 29 

5x5:
62 23 26 11 40 53 28 13 
25 10 61 54 27 12 41 52 
22 63 24 39 50 55 14 29 
9 38 57 60 31 36 51 42 
58 21 32 37 56 49 30 15 
5 8 59 18 35 0 43 46 
20 33 6 3 48 45 16 1 
7 4 19 34 17 2 47 44 

5x6:
55 10 35 32 51 12 37 16 
34 31 54 11 36 15 44 13 
9 56 33 52 47 50 17 38 
30 53 48 59 40 45 14 43 
57 8 63 46 49 42 39 18 
26 29 58 41 60 21 0 3 
7 62 27 24 5 2 19 22 
28 25 6 61 20 23 4 1 

5x7:
58 7 54 37 30 9 32 13 
63 38 57 8 55 12 29 10 
6 59 36 53 50 31 14 33 
39 62 51 56 35 48 11 28 
60 5 46 49 52 27 34 15 
43 40 61 26 47 18 21 0 
4 25 42 45 2 23 16 19 
41 44 3 24 17 20 1 22 

6x0:
18 37 14 51 32 35 12 55 
15 44 17 36 13 54 31 34 
38 19 50 47 52 33 56 11 
43 16 45 40 57 48 53 30 
20 39 42 49 46 63 10 59 
5 2 23 62 41 58 29 26 
0 21 4 7 24 27 60 9 
3 6 1 22 61 8 25 28 

6x1:
3 6 39 44 41 8 63 46 
38 21 4 7 52 45 42 9 
5 2 49 40 43 60 47 62 
20 37 22 53 48 51 10 55 
1 16 33 50 59 54 61 26 
32 19 36 23 34 27 56 11 
15 0 17 30 13 58 25 28 
18 31 14 35 24 29 12 57 

6x2:
54 19 22 5 62 9 24 7 
21 4 55 52 23 6 59 10 
18 53 20 63 58 61 8 25 
3 38 43 56 51 48 11 60 
34 17 50 39 42 57 26 47 
37 2 35 44 49 40 29 12 
16 33 0 41 14 31 46 27 
1 36 15 32 45 28 13 30 

6x3:
35 38 33 8 61 12 43 10 
32 7 36 59 42 9 56 13 
37 34 39 62 57 60 11 44 
6 31 58 41 46 49 14 55 
25 40 47 30 63 54 45 50 
2 5 26 53 48 17 20 15 
27 24 3 0 29 22 51 18 
4 1 28 23 52 19 16 21 

6x4:
52 37 12 41 54 61 10 43 
13 40 53 50 11 42 55 62 
36 51 38 47 60 57 44 9 
39 14 49 58 45 26 63 56 
30 35 46 25 48 59 8 23 
15 18 31 34 27 24 5 2 
32 29 20 17 0 3 22 7 
19 16 33 28 21 6 1 4 

6x5:
55 34 9 30 57 26 7 28 
10 31 56 53 8 29 62 25 
35 54 33 48 63 58 27 6 
32 11 52 59 46 41 24 61 
51 36 47 40 49 60 5 20 
12 15 50 45 42 21 2 23 
37 44 17 14 39 0 19 4 
16 13 38 43 18 3 22 1 

6x6:
52 29 26 7 56 37 24 9 
27 6 53 36 25 8 57 38 
30 51 28 55 58 61 10 23 
5 54 49 62 35 44 39 60 
50 31 18 43 48 59 22 11 
17 4 63 34 21 12 45 40 
32 19 2 15 42 47 0 13 
3 16 33 20 1 14 41 46 

6x7:
55 12 35 32 51 14 37 18 
34 31 54 13 36 17 44 15 
11 56 33 52 47 50 19 38 
30 53 48 59 40 45 16 43 
57 10 63 46 49 42 39 20 
26 29 58 41 60 23 2 5 
9 62 27 24 7 4 21 0 
28 25 8 61 22 1 6 3 

7x0:
59 18 21 4 55 8 23 6 
20 3 58 61 22 5 48 9 
17 60 19 56 49 54 7 24 
2 57 40 53 62 51 10 47 
33 16 63 50 41 46 25 44 
36 1 34 39 52 43 28 11 
15 32 37 42 13 30 45 26 
0 35 14 31 38 27 12 29 

7x1:
44 21 24 7 40 11 26 9 
23 6 43 48 25 8 41 12 
20 45 22 39 42 59 10 27 
5 38 47 60 49 36 13 54 
46 19 50 37 58 53 28 35 
1 4 61 52 63 32 55 14 
18 51 2 31 16 57 34 29 
3 0 17 62 33 30 15 56 

7x2:
41 4 43 60 39 6 63 58 
44 25 40 5 62 59 38 7 
3 42 61 46 51 36 57 54 
24 45 26 49 56 53 8 37 
17 2 47 52 35 50 55 30 
20 23 18 27 48 31 12 9 
1 16 21 34 11 14 29 32 
22 19 0 15 28 33 10 13 

7x3:
4 7 22 49 52 9 24 27 
21 48 5 8 23 26 51 10 
6 3 44 47 50 53 28 25 
43 20 57 40 63 46 11 54 
2 39 42 45 58 55 62 29 
19 36 17 56 41 32 59 12 
16 1 38 35 14 61 30 33 
37 18 15 0 31 34 13 60 

7x4:
43 32 35 6 53 22 37 4 
34 7 42 47 36 5 24 21 
31 44 33 52 23 54 3 38 
8 41 46 55 48 39 20 25 
45 30 51 40 61 26 57 2 
12 9 62 49 56 17 60 19 
29 50 11 14 27 58 1 16 
10 13 28 63 0 15 18 59 

7x5:
58 63 6 39 60 43 4 41 
7 38 59 62 5 40 25 44 
54 57 36 51 46 61 42 3 
37 8 53 56 49 26 45 24 
30 55 50 35 52 47 2 17 
9 12 31 48 27 18 23 20 
32 29 14 11 34 21 16 1 
13 10 33 28 15 0 19 22 

7x6:
55 34 11 30 57 26 9 28 
12 31 56 53 10 29 62 25 
35 54 33 48 63 58 27 8 
32 13 52 59 46 41 24 61 
51 36 47 40 49 60 7 22 
14 17 50 45 42 23 4 1 
37 44 19 16 39 2 21 6 
18 15 38 43 20 5 0 3 

7x7:
62 9 48 35 32 11 30 15 
49 36 63 10 47 14 33 12 
8 61 50 45 34 31 16 29 
51 56 37 60 27 46 13 24 
38 7 58 55 44 25 28 17 
57 52 41 26 59 20 23 2 
6 39 54 43 4 1 18 21 
53 42 5 40 19 22 3 0 

Timed out:
4x4

Paths:
0x0 --> 6x6
0x1 --> 5x5
0x2 --> 7x7
0x3 --> 4x4
0x4 --> 6x6
0x5 --> 7x7
0x6 --> 5x5
0x7 --> 2x2
1x0 --> 3x3
1x1 --> 6x6
1x2 --> 5x5
1x3 --> 7x7
1x4 --> 4x4
1x5 --> 5x5
1x6 --> 6x6
1x7 --> 4x4
2x0 --> 6x6
2x1 --> 3x3
2x2 --> 6x6
2x3 --> 5x5
2x4 --> 7x7
2x5 --> 3x3
2x6 --> 3x3
2x7 --> 6x6
3x0 --> 4x4
3x1 --> 2x2
3x2 --> 2x2
3x3 --> 3x3
3x4 --> 6x6
3x5 --> 2x2
3x6 --> 4x4
3x7 --> 4x4
4x0 --> 1x1
4x1 --> 6x6
4x2 --> 4x4
4x3 --> 4x4
4x4 --> -1x-1
4x5 --> 5x5
4x6 --> 6x6
4x7 --> 3x3
5x0 --> 1x1
5x1 --> 4x4
5x2 --> 1x1
5x3 --> 5x5
5x4 --> 7x7
5x5 --> 2x2
5x6 --> 4x4
5x7 --> 1x1
6x0 --> 4x4
6x1 --> 0x0
6x2 --> 2x2
6x3 --> 4x4
6x4 --> 3x3
6x5 --> 2x2
6x6 --> 5x5
6x7 --> 4x4
7x0 --> 4x4
7x1 --> 5x5
7x2 --> 0x0
7x3 --> 3x3
7x4 --> 7x7
7x5 --> 0x0
7x6 --> 2x2
7x7 --> 1x1

Loops:
3x6 --> 4x4
6x3 --> 4x4

Array formated loop for use elsewhere:
{{3, 6}, {1, 7}, {0, 5}, {2, 6}, {0, 7}, {1, 5}, {0, 3}, {1, 1},
{3, 0}, {5, 1}, {7, 0}, {6, 2}, {5, 0}, {7, 1}, {6, 3}, {7, 5},
{6, 7}, {5, 5}, {7, 6}, {5, 7}, {6, 5}, {7, 7}, {5, 6}, {3, 7},
{1, 6}, {0, 4}, {2, 5}, {0, 6}, {2, 7}, {4, 6}, {3, 4}, {1, 3},
{0, 1}, {2, 0}, {1, 2}, {0, 0}, {2, 1}, {0, 2}, {1, 0}, {2, 2},
{1, 4}, {3, 3}, {4, 1}, {6, 0}, {7, 2}, {6, 4}, {4, 3}, {2, 4},
{4, 5}, {5, 3}, {7, 4}, {6, 6}, {4, 7}, {3, 5}, {5, 4}, {7, 3},
{6, 1}, {4, 2}, {2, 3}, {3, 1}, {5, 2}, {4, 0}, {3, 2}, {4, 4}}